topic0,topic1,topic2,topic3,topic4,topic5,topic6,topic7,topic8,topic9
0.0008196744701512185,0.0008199231406294324,0.0008198387507114526,0.8170786055120653,0.0008198530636727944,0.0008198500500765398,0.0008198593912489374,0.0008196721965124328,0.17636296325260772,0.0008197601723241326
0.0008000535928022137,0.3083296126977963,0.0008002260006268368,0.5344542036242442,0.0008002382260568437,0.11718931752972976,0.0008002327795676242,0.0008000000732600491,0.0008002838975417802,0.03522583157837442
0.0007299328276577845,0.000730152529213969,0.0007301720545424738,0.9484337171422396,0.0007300356503731337,0.045725772311576915,0.0007301356225924077,0.0007299270439304103,0.0007301111780683783,0.0007300436398048419
0.000724649499158904,0.10720151767532242,0.0007247757777888674,0.772880136533203,0.0007247714839714283,0.0007248004974435392,0.0007247862312688076,0.000724637746264059,0.11484520723857165,0.0007247173170075594
0.0007575932753169931,0.0007577781538195361,0.10298099380154173,0.8331156573733417,0.0007576749360713188,0.0007577725956415406,0.05859925580604357,0.0007575758372975979,0.0007577952292621339,0.0007579029916639689
0.0007936524740753644,0.28187645276892676,0.000793855457680889,0.7117733005460851,0.0007937449713623458,0.0007938609793623489,0.0007938532963393448,0.000793650850259648,0.0007938912059392275,0.000793737449968851
0.0007633588380050954,0.0007634993570976397,0.0007635072097155734,0.9931288280836503,0.0007634758648816994,0.0007635455338873526,0.0007634966781825648,0.0007633588044921827,0.0007635005592563317,0.000763429070831336
0.0007752091623707504,0.19426821904464217,0.0007753689872467105,0.7495147285257298,0.0007753155372014409,0.05078984026257124,0.0007754050390030409,0.0007751938635158775,0.0007754378361984987,0.0007752817415208187
0.0008130292262420396,0.0008132533138433938,0.0008131629394606256,0.9926816079447235,0.0008131853950170365,0.0008132289714610466,0.0008132398763687183,0.0008130081796188754,0.0008131851223036648,0.0008130990309611958
0.0007752620091565646,0.24736795612945572,0.000775472296697511,0.7464290807947652,0.0007756192530225267,0.0007753588212373517,0.0007753724763891772,0.0007751938672313461,0.0007753625596882522,0.0007753217923566196
0.0007633618991906111,0.0007635286040329893,0.0007636068080984063,0.9563920212458967,0.0007635149924405511,0.0007635313584335612,0.0007635088586158469,0.0007633588342550401,0.03750012334699941,0.0007634440520369722
0.000757596858956495,0.1549027882382334,0.0007578908060731315,0.7894865373162768,0.0007577628507687088,0.05030645954358819,0.000757871533462529,0.0007575758447117108,0.000757774873555663,0.0007577421343732736
0.0007633643435025205,0.4200075073806804,0.0007635521481561762,0.4907130522276791,0.0007636470584259814,0.0007635121192140028,0.08393505214956601,0.0007633588483592122,0.0007635136138759475,0.0007634401105409839
0.0007408442744792277,0.0007409439819530292,0.0007408696613930066,0.9933320073842117,0.0007409522039519157,0.0007409416667304465,0.0007409135685949406,0.0007407407777900668,0.0007409117147998375,0.000740874766095808
0.0007874257006560172,0.5789151202255229,0.0007875430716818469,0.2370424478071182,0.0007875187662690887,0.17852978840004838,0.0007876630426027173,0.000787401657724705,0.000787612894391869,0.0007874784339842183
0.0007042363530582523,0.0007043734315898574,0.0007043644794667901,0.9936610491124926,0.000704291671715104,0.0007043507698951242,0.000704372179970434,0.0007042253887063229,0.0007044422673311749,0.0007042943457745239
0.0007407497529201818,0.020968043234313963,0.0688964370297312,0.8142274332270135,0.0007409080226416704,0.09146295831779312,0.0007409332318038381,0.0007407408508591001,0.0007409888846840701,0.0007408074482394225
0.0007633588500574292,0.0007636412706390333,0.04817186948440545,0.8052944003121684,0.000763494849639547,0.0007635121421565459,0.0007635862485474758,0.0007633588623383295,0.1411892925958203,0.0007634853842273801
0.0007875103109769055,0.0007876273943464406,0.0007875868811976528,0.9929119829308878,0.0007875116655744914,0.0007876155528921587,0.0007876428600853666,0.000787401620700825,0.0007875905976347978,0.0007875301857037778
0.00075190557814655,0.0007520831204115649,0.0007523585010297897,0.9932311778694612,0.0007520958271032775,0.0007520513280473152,0.0007521338424047356,0.0007518797362526987,0.0007520509137701094,0.0007522632833726145
0.0007518881454836466,0.0007520628667538628,0.043491506361619026,0.950492385238924,0.0007520741541925459,0.0007520350737572416,0.0007521484014101651,0.000751879778205065,0.0007520732387228694,0.0007519467409316781
0.0007463164509075488,0.0007464471039474849,0.0007464666589149938,0.993282270451473,0.0007464689796267672,0.0007464735473657241,0.0007464461839882337,0.0007462687019439673,0.0007464538987614468,0.0007463880230707294
0.000819672326998624,0.3265327258112264,0.06754889977222407,0.600179440967771,0.0008201343182185665,0.0008198941452981899,0.0008198727477913588,0.0008196722391351872,0.000819932186984679,0.0008197554843519961
0.000787401638452659,0.30734853546122154,0.0007875483853816461,0.6863513374126822,0.0007874820837000427,0.0007876777598680565,0.0007875778938931358,0.0007874016501840253,0.0007875660089719396,0.0007874717056447089
0.0007353191105563746,0.0007354767170850308,0.05242587258682934,0.9416907082331882,0.0007354642417017969,0.0007354755899954652,0.0007354901919460127,0.0007352941368016213,0.0007354915034110212,0.0007354076884854028
0.0007246430657136206,0.0007248118720223289,0.0007249572904767709,0.0007247879928900789,0.0007248033314893288,0.0007247714148136748,0.0007248212152591454,0.0007246376915208345,0.0007247924895478508,0.9934769736362663
0.0008130103760953048,0.0008132169389144906,0.13833894399592225,0.8551559514672491,0.0008132547737545208,0.000813160740447144,0.0008131500235237355,0.0008130081800732489,0.0008131905237142898,0.0008131129803057999
0.0008695701179643306,0.7916019202101892,0.0008697671050873354,0.02975388842608043,0.10756024150665117,0.06586576917089164,0.0008698580361270671,0.000869565379905533,0.0008697705838389869,0.0008696494632643665
0.0007575835655197058,0.0007577495786559037,0.0007578903089316757,0.9931805786004221,0.0007576831185770582,0.0007577590836290496,0.0007577390728147089,0.0007575757935739257,0.0007577494108983535,0.0007576914669773567
0.0007195524607500419,0.22648567133460823,0.0007195614394648176,0.7677580594861233,0.0007195447641038221,0.0007195608016295185,0.0007195893277833528,0.0007194245209814576,0.0007195511479062361,0.0007194847166491001
0.0007352957739743889,0.0007354759982627011,0.030783777154461747,0.8460996934859683,0.0007354249861075569,0.11796868846453243,0.000735495373501366,0.0007352941700063455,0.0007354846171039284,0.0007353699760813013
0.0008064532102333695,0.12113650279874928,0.0008065922466398538,0.87241070542968,0.0008066519283281038,0.0008066507504794146,0.0008066910308827306,0.0008064516691252545,0.0008066824681765586,0.0008066184677054774
0.000746277966803305,0.0007464603123074395,0.0007464183271334413,0.9932825350719414,0.0007463711634412577,0.0007464689042351678,0.0007464562213508101,0.0007462686904313941,0.000746411984256161,0.0007463313580995534
0.0008000000776870781,0.26439586702114026,0.0008001659958785338,0.7292030386876064,0.000800108055090488,0.0008002723244091612,0.0008001767627815753,0.0008000000924572431,0.0008002982714739753,0.0008000727114752357
0.0007194709898539172,0.0007195899418961008,0.0007198082707979024,0.9935239344217475,0.0007195115511106879,0.0007195498128066732,0.0007195589788073657,0.0007194244971576595,0.0007195568384070402,0.0007195946974155464
0.0006944624921786484,0.0006946084174589129,0.00069464049279407,0.600199916732963,0.0006946232732414357,0.0006946068151856765,0.0006946408475280808,0.0006944444789792348,0.3942435373675544,0.0006945190821164351
0.0007407635921107633,0.0007408954509567199,0.0007408542254906842,0.993332364201917,0.0007408675102725852,0.0007408474860411734,0.000740865795544663,0.0007407407763286217,0.0007409548601271748,0.0007408461012109649
0.0007462701291470639,0.31530486443305694,0.0007464387832677859,0.6787239109361326,0.0007464054458980326,0.0007464366895874937,0.0007465341470228141,0.000746268720536127,0.0007465168899165953,0.0007463538254344803
0.0007633832277189894,0.5925617739373729,0.0007635696804474298,0.40133034923577693,0.0007634825972634648,0.0007635258174610748,0.0007635410983026267,0.0007633588205053796,0.0007635604783499241,0.0007634551068012494
0.0007407407965458511,0.0007409017910508429,0.0007408579299459704,0.9933323638287157,0.0007408498288106439,0.0007409027112533422,0.0007408836406118626,0.000740740765338457,0.0007409319771630924,0.0007408267305643928
0.0007042289687626616,0.0007043364121149136,0.0007043427743246643,0.0007043307468861921,0.8024235618680589,0.0007043253326096437,0.0007043520260139293,0.0007042253614517181,0.0007043415022851198,0.1919419550074923
0.0008000175651859136,0.2530029812812791,0.0008001656074730935,0.7405960585081999,0.00080014855672877,0.000800185459421584,0.0008001978838831925,0.0008000000583213773,0.0008001450287008244,0.000800100050806262
0.0007936563166012315,0.0007939002443531827,0.06894714757681161,0.8693681201510369,0.0007938661508392023,0.000793823229575327,0.0007938420739960242,0.0007936508639787171,0.05612824581967766,0.0007937475731300999
0.0007518847726288985,0.000752052735067079,0.0007520542117865517,0.9932319243668756,0.0007520290082497746,0.0007520246910877159,0.0007520443041333527,0.0007518797247731302,0.0007520940198354335,0.0007520121655624856
0.0007813263846468384,0.0362587505984769,0.061692055958944385,0.6208069215154861,0.0007814847482235861,0.2765538899565574,0.0007814767443101041,0.0007812500705121951,0.00078149009173651,0.000781353931105979
0.0007042264564213758,0.0007044081218841315,0.0007043702454356248,0.9936608395351437,0.0007043117583574573,0.0007043990853695303,0.0007044119917632395,0.0007042253909362857,0.0007045307910781989,0.0007042766236105395
0.0006993099205329517,0.0006994856175735589,0.0006995513907686339,0.0006994846949745522,0.9019522080833333,0.0006994310676784516,0.0006994990528782547,0.0006993007162467266,0.0006995193731506118,0.09245221008286288
0.000781250056885106,0.36172364749028624,0.0007814898587254559,0.6320251180617884,0.0007814629180110033,0.0007814616011810417,0.0007814849866382217,0.0007812500676626802,0.0007814742889328112,0.0007813606698890416
0.000746341264345099,0.1385615480005207,0.0007465298129604272,0.7924273552379629,0.0007464048150018828,0.0007464325743160118,0.00074651978826867,0.0007462687110291074,0.06378621934978942,0.0007463804458057865
0.0007299483569995085,0.19199517018595302,0.10423240723456738,0.6986620033396903,0.0007300372821471081,0.0007301995683178865,0.0007301680374689581,0.0007299270607679077,0.000730109334837369,0.0007300295992505097
0.0007246408997017069,0.1139258183306442,0.11235281678544215,0.7686481673341066,0.0007248116506981759,0.0007247732115015505,0.0007247931471591193,0.0007246377215312187,0.0007248104811768406,0.0007247304380383496
0.0007042317717020487,0.23238194607304122,0.000704391595806617,0.7619833624640848,0.0007043678946468358,0.000704386950647489,0.0007044108398196278,0.0007042254068182919,0.0007043659327003446,0.0007043110707326738
0.000751886093051606,0.0007520900819564557,0.0007520651325137414,0.9932318315810206,0.0007520749809694688,0.0007520392054231992,0.0007520603522171836,0.0007518797310514155,0.0007520874436498986,0.0007519853981464969
0.0007633588098855257,0.35147610971838766,0.0007635505511485857,0.6424159972638831,0.000763494307358961,0.0007635660088801501,0.0007635413347415826,0.0007633588153775534,0.000763543868439146,0.0007634793218977347
0.0007352956517588801,0.125707621084685,0.0007354025804966704,0.8684092506475765,0.0007354285312794072,0.0007354721167109306,0.0007354426689138889,0.0007352941776892855,0.000735430248447847,0.0007353622924416042
0.0007751952227130672,0.4848750963262733,0.0007753929128711793,0.5089222959375331,0.0007753353516845414,0.00077544160364067,0.0007754033072817966,0.000775193863568628,0.0007753778564781351,0.0007752676179557902
0.0007575916000779421,0.1722424907634543,0.0007577368176113374,0.8216958193848762,0.0007576725190832756,0.0007579044438445184,0.0007578150587769961,0.0007575758032640519,0.0007577516213597364,0.0007576419876515044
0.0007813132484607491,0.3257063758271433,0.0007814781792007383,0.43256497601502475,0.0007814214950050186,0.06851622936484819,0.0007815384997993624,0.0007812500860211333,0.1685240309827763,0.0007813863017206025
0.0007635441612557942,0.7415593114788961,0.0007634742220095584,0.2523328016394486,0.0007634545238732388,0.0007635617307646532,0.0007634948787268399,0.000763358849907963,0.0007634912414563065,0.0007635072736609489
0.008573752819923904,0.2001695325023314,0.0007753784648077581,0.7858293646790017,0.0007753331233513782,0.0007753873244655429,0.0007753905007880608,0.0007751938598078935,0.0007753940238866185,0.0007752727016359681
0.0007751956417723468,0.0007754158793743428,0.0007753244905821069,0.993021827170597,0.000775345465650788,0.0007754562779322088,0.0007754680448006054,0.0007751938424617852,0.0007753793049111523,0.0007753938819175546
0.2702057953673147,0.0007464686366823414,0.0007464463541830049,0.7238228850457998,0.0007464053216022621,0.0007464554551481839,0.000746443074381148,0.0007462686692086195,0.0007464459482703049,0.0007463861274096548
0.0007462761225520178,0.0007464789712254238,0.0007464724362172858,0.7304426667420417,0.0007463922204791529,0.263586077355582,0.0007464860833371656,0.0007462687039471433,0.0007465321829291333,0.0007463491816888738
0.0007194259497310988,0.0007196148807753605,0.037826151211584884,0.9564174063216279,0.0007195696671834953,0.0007196009301937336,0.0007196565033026099,0.0007194245016359613,0.0007195861219493187,0.0007195639120157127
0.000751892202263283,0.0007520765786224178,0.0007522835288829699,0.8297063771223602,0.0007520142286322208,0.0007520232623688741,0.0007520984786717173,0.0007518797420610048,0.16427741000391347,0.000751944852223926
0.0007301497468613261,0.11267671994278285,0.0007301233082059947,0.8814827294836954,0.0007300252368915893,0.0007300612630871551,0.0007301305661437543,0.0007299270762158245,0.0007301337389766464,0.0007299996371394474
0.008730011410882308,0.2949912852156672,0.0007464120620315966,0.48597042091588755,0.0007464311576786037,0.07219405289285827,0.0007464567633031314,0.0007462687292997279,0.13438187864096132,0.0007467822114302355
0.0007518983534658834,0.0007520597819311672,0.16694420707782473,0.8270398034751989,0.0007519935208633738,0.0007520396271724413,0.0007520787893144022,0.0007518797327461918,0.0007520819300475125,0.0007519577114353783
0.0007462702547341119,0.1375003637755694,0.0007465283016131481,0.5670427847896112,0.0007463949175755205,0.21023500776590945,0.08074350049644827,0.0007462687378386349,0.0007465369017898209,0.0007463440589104359
0.0007463185231627819,0.0007465107805867509,0.0007464893817909526,0.9932820011916293,0.0007464819698224667,0.0007464963912029084,0.0007465971512605208,0.0007462686991176982,0.0007464379175238895,0.0007463979939025859
0.0007299271158268516,0.017612111629401957,0.0007300702337919077,0.9600865208263665,0.0007300331872347895,0.017191252876079244,0.0007300678372119356,0.0007299271361074589,0.0007300719294230716,0.0007300172285562499
0.000751879748722595,0.30405407251755745,0.0007521118577494066,0.6899299650146118,0.0007519554131295711,0.0007520360361229068,0.0007520642972369708,0.0007518797577206593,0.0007520918289248384,0.0007519435282236975
0.0007692308064224522,0.0007694393480459689,0.0007694138604322882,0.9930755286260113,0.0007694175284202325,0.0007694170177165889,0.0007694689932802491,0.0007692308134938927,0.0007695412757672016,0.0007693117304096105
0.0007143526838227675,0.3223850273649775,0.0007145144126028142,0.6718995352089147,0.0007144037411092957,0.0007144688842109154,0.0007145142419922029,0.0007142857690676958,0.0007144778020530081,0.0007144198912492163
0.0007813477269628308,0.09235544786340148,0.10395606926066923,0.7982187902873071,0.000781366957219581,0.0007815297510537848,0.0007814397261872931,0.0007812500541908325,0.0007814226513099458,0.0007813357216979379
0.0006944514379246227,0.0006946257739785977,0.0006945797136004265,0.9240458893612342,0.07039769078459233,0.0006945802723921429,0.0006946025656676272,0.0006944445048826643,0.000694600209387635,0.0006945353763396948
0.0007752132762993942,0.11602701135836221,0.0007753352604617954,0.8777705472640028,0.0007753657806506138,0.0007753868800715199,0.000775326970317095,0.0007751938468490802,0.0007753432984268518,0.0007752760645587503
0.0007692537843702112,0.32934645095522774,0.0007694541645066984,0.5274980032915391,0.0007693904881925902,0.0007694679943491161,0.13776993852585956,0.0007692308722461762,0.0007694530129741327,0.000769356910734818
0.0008474610360640768,0.20509295369211183,0.0008476004725755353,0.34324353784317363,0.0008475936667843019,0.4457306121052339,0.0008476366531463754,0.0008474577027455711,0.000847608818833189,0.0008475380093316115
0.0008065579826407441,0.2347799405235326,0.2452733525314879,0.43359921702659654,0.0008068672057194682,0.08150783993929056,0.000806634022979675,0.0008064516949697415,0.0008066154479280221,0.0008065236248548791
0.008815377362187267,0.14052177415262718,0.02607311896408357,0.5996406963432347,0.0645851796381852,0.1571888107326233,0.0007938069324570758,0.0007936509017760152,0.0007938624379170331,0.0007937225349086979
0.0007692374745297009,0.0007693882554147842,0.0007693812440689614,0.9930759777830085,0.0007693290389165017,0.0007694415832595074,0.0007693800044221992,0.0007692308172154454,0.0007693433901404353,0.0007692904090239082
0.0007407494777674319,0.0007409264885405473,0.11867535375898365,0.875397648230068,0.0007409486374406281,0.000740877021200379,0.0007409265627794625,0.0007407407771720189,0.0007408937333827179,0.0007409353126651082
0.0007352942177645793,0.0007354765794640177,0.0007355068924648837,0.9933810702649615,0.0007355193400813046,0.0007354710610057733,0.0007354885166853065,0.0007352941551827896,0.0007354894506402886,0.0007353895217496651
0.000769235954066789,0.0007694789717558829,0.000769460018383735,0.0007694724039596272,0.0007697184264770265,0.7765892460682101,0.2172553583125149,0.0007692308337400462,0.0007694756384814868,0.0007693233724104518
0.0007463008036700195,0.0007464367498819667,0.3211045325308709,0.6729244298092226,0.000746375935327827,0.0007464066050962198,0.0007464502429098136,0.0007462686895744783,0.000746465551779624,0.0007463330816663436
0.000819730479466881,0.19558475033445172,0.0008199861918386587,0.6462043432153234,0.0008198516439715753,0.0008199162817490663,0.12528481419025636,0.0008196722356034323,0.0008199466396180152,0.028006988787720778
0.0007142942433394148,0.046832255105818996,0.0007144533522536317,0.7390829275958056,0.0007144907981192377,0.1028867858319595,0.05924891051619081,0.0007142858021801879,0.048377227992579375,0.0007143687617533568
0.0007519222816198995,0.16953455754445812,0.0007520466327973792,0.7455490992752211,0.0007520606870931901,0.07965230068865414,0.0007520847030456066,0.0007518797459334349,0.0007520987331900368,0.0007519497079870943
0.0007246377190860248,0.0007250263515527535,0.0007247868774645594,0.9934768979522622,0.000724756670051978,0.000724846092744594,0.0007248514199107803,0.0007246377262956459,0.0007248186791380142,0.0007247405114933261
0.36008257253115256,0.0007464647221516355,0.000746476134092411,0.6339459319961727,0.0007464393952314742,0.0007464483955803876,0.0007464956579514511,0.0007462686674408692,0.0007464882601992254,0.00074641424002717
0.0007518812915843391,0.23296806177111795,0.06710459360922784,0.6946634030122725,0.0007519859287399994,0.0007520190495043675,0.0007520787689474486,0.0007518797618995864,0.0007520735626213539,0.0007520232440845528
0.0007042253582188565,0.000704328476246771,0.0007042864236195247,0.0007042966901453463,0.9936614062131803,0.0007043008564804105,0.0007043087488066474,0.0007042253591601719,0.0007043062176929315,0.0007043156564491948
0.0007407426258052623,0.16840966214175027,0.0007408754287568,0.8256635368099768,0.000740851733280528,0.0007409106690749314,0.000740887733496136,0.0007407407981077702,0.0007409576033431666,0.0007408344564080681
0.0007519014736037275,0.0007521210887151019,0.00075204101288251,0.8097839131116152,0.0007520036295222421,0.18419989010847265,0.0007520600565742226,0.0007518797528105237,0.0007521973181348507,0.0007519924476691447
0.0007463155870987486,0.20608062801077312,0.0007466475477000189,0.7879480813071116,0.0007464517180272548,0.0007464084472069975,0.0007464300547911239,0.0007462687209510963,0.00074644520238837,0.0007463234039516456
0.000775193866106025,0.0007754461233183523,0.0007755042606771775,0.563868944603323,0.06672402491227161,0.3639795747847175,0.0007753740671550765,0.000775193878965573,0.0007754187156466003,0.0007753247878190004
0.0007874032307063832,0.24828039526783965,0.0007875668737167649,0.7454188136645775,0.0007875379228352001,0.0007876588872191385,0.0007876926240834259,0.0007874016508748075,0.0007877454294558283,0.0007877844486913027
0.0007523633657051446,0.06407319690547157,0.0007521355796773868,0.7037859704049784,0.0007520801468335731,0.02675468331081643,0.07691130775432926,0.0007518797903819677,0.12471443912649305,0.0007519436153132696
0.0007633703917644914,0.0007635595548187491,0.0007635260913660795,0.9931285823077127,0.0007635171443465186,0.0007635484673386182,0.0007635253871462801,0.0007633588301891692,0.0007635875729797353,0.0007634242523376955
0.0007463680402219218,0.44225329598034213,0.00074644010365953,0.5517751079141306,0.0007465192858168481,0.0007464532360052013,0.0007465075264063962,0.000746268729749427,0.000746694473680597,0.0007463447099873592
0.0007812701834021852,0.13488260889938689,0.0007813575935606578,0.8429084447182551,0.01673928995663029,0.0007814892682425836,0.0007813735439768292,0.0007812500888963749,0.0007813795614929959,0.0007815361861558986
0.0007874659669349235,0.40456994109932254,0.0007876368201470558,0.5891295028567544,0.0007876567718625315,0.0007876082206219787,0.0007876286685261546,0.0007874016464182969,0.0007876366979916109,0.0007875212514205075
0.0007633716379327821,0.23144212032493616,0.0007635742102165181,0.7624497339351726,0.0007635897742661772,0.0007635707547478524,0.0007636453705530032,0.0007633588536895071,0.000763515169935573,0.0007635199685499447
0.0007812562810089434,0.36198380548018205,0.0007814530725197702,0.6317652181169815,0.000781470268675137,0.0007813891315062914,0.0007814177203622768,0.0007812500567195303,0.0007813941976677213,0.0007813456743766997
0.000709229635404519,0.0007093593031696333,0.0007093659725885672,0.9936160601019615,0.0007093110994121422,0.0007093759155457763,0.0007093481013142924,0.000709219890358379,0.0007094284670064075,0.0007093015132388822
0.0007462765016815584,0.02128630198565872,0.018963730472717183,0.8307111659040071,0.0007463558747577588,0.0007464275867326925,0.0007464234475405768,0.0007462687329029508,0.12456067287991489,0.0007463766140865787
0.0007246446311611043,0.0007248437310212851,0.0007247940741740132,0.9934771610980361,0.0007247735959228646,0.0007247993801593271,0.0007248075115128433,0.0007246377080482589,0.0007248129576647915,0.000724725312299246
0.0006993235918592092,0.000699421946515466,0.0006994255839391184,0.9937054635490057,0.000699412553368227,0.0006994119141038378,0.0006994183196294249,0.0006993007232680208,0.0006994415357569423,0.000699380282553796
0.0006896578856127406,0.000689758789126074,0.0006897655059909082,0.0006897548302045339,0.9937923938997084,0.0006897538688288535,0.000689753693824925,0.0006896551769900992,0.0006897470926849722,0.0006897592570285438
0.0007197954259388317,0.0007195844772437973,0.0007195964502098932,0.9563549955691623,0.0007197891838326692,0.0007195952644497081,0.0007195883936801038,0.0007194245306739831,0.037888138122153164,0.0007194925826555415
0.0007194260644987166,0.0007195839525482917,0.04393819232239496,0.950305625192593,0.0007195229670899507,0.0007195561811960365,0.0007195809029460607,0.0007194244882695364,0.0007195700323803386,0.0007195178960829688
0.0007462719950884815,0.0007464142282109047,0.0007463893327624828,0.993282689937253,0.0007464035744384139,0.0007464097488598707,0.0007464093081754052,0.0007462686891224267,0.000746414256020415,0.0007463289300685353
0.0007463688462298412,0.02951818178738149,0.0007463968075329324,0.6711467873182362,0.0007464033051141346,0.0007465587144217255,0.0007465227551305754,0.0007462687673392821,0.2941101504866967,0.0007463612119172306
0.0007752100792095139,0.24772302572410604,0.0007753924737002601,0.6402475564211678,0.0007753073853419734,0.0007753789015310134,0.10660225189146676,0.0007751938469377696,0.0007753923152847943,0.0007752909612539123
0.0007299347117109606,0.026799608645991367,0.0007301080629957557,0.9673602230718104,0.0007299935195725107,0.0007300358556258411,0.0007301132497548747,0.0007299270836845865,0.0007300780641619214,0.00072997773469156
0.0007407559322154462,0.0007409301254137961,0.0007409207900438072,0.9933320704146972,0.000740921918153966,0.0007409826408444528,0.0007409093624770369,0.0007407407822702267,0.0007409744257538565,0.0007407936081300547
0.0008064517327336357,0.16037736907232555,0.0008066186784120212,0.8331698453639418,0.0008065672140613558,0.0008066669474543973,0.0008067152554674125,0.0008064517030792157,0.0008067654012613917,0.0008065486312630811
0.0007812582163765442,0.0007814547224286141,0.0007816214014413313,0.992967426120399,0.0007814155779125212,0.0007813908477313641,0.0007814213605383419,0.000781250030797888,0.000781420394579525,0.0007813413277948386
0.0007751938609313735,0.22631894030429944,0.1180539506158945,0.6501998158281952,0.0007754475845351484,0.0007753581908729012,0.00077539981809909,0.0007751938723913368,0.0007753831611185613,0.0007753167636623477
0.0007092625365252242,0.8283630917429422,0.0007093313839867945,0.1659623345579959,0.0007092951281561865,0.0007094484524551752,0.0007093795567301865,0.0007092199057314322,0.0007093368305479375,0.0007092999049287274
0.0007353151889354522,0.144738195380839,0.0007355395357213893,0.8366787074299129,0.000735515519582684,0.0007354090942895691,0.0007354818709441993,0.0007352941785051803,0.0007354286790750815,0.013435113122194569
0.0007092200047843235,0.2708527631995314,0.0007093850348613862,0.7234725668159123,0.0007094074156485203,0.0007093828565267779,0.0007093944390730174,0.0007092199483991256,0.0007093820753285827,0.0007092782099346522
0.0007813157314607206,0.0007815103015800165,0.0007815006314873556,0.758654420989903,0.000781728810119843,0.000781452788640869,0.0007815835321756192,0.0007812500893470704,0.23509374944988662,0.0007814876753989416
0.0009615716272672162,0.42450172860455,0.0009617324155920066,0.5678047047326992,0.0009616352233064881,0.0009617591959321815,0.0009618879853004452,0.000961538591431504,0.0009618360102381996,0.0009616056136828023
0.0007194441553376011,0.0007196157871965762,0.0007196117872760697,0.9935239167562652,0.0007196268821508216,0.000719641919463896,0.0007195942788968,0.0007194245125398973,0.0007196062262199786,0.0007195176946533653
0.0007142872650877494,0.0007144566910302356,0.0007145367489339024,0.9935700577942148,0.0007144165317030436,0.0007145364680019538,0.0007145177936199175,0.0007142857363615708,0.0007145308107133119,0.0007143741603331373
0.0007519772040398735,0.0007520660795092412,0.0007521027647518071,0.8802083895120195,0.0007519490174128316,0.11377528875403918,0.0007520254592938735,0.000751879755504485,0.0007520733632195509,0.0007522480902096457
0.0007936798829278138,0.000793913200180456,0.0007938874351911886,0.9928556568331658,0.0007938066321236053,0.0007939039310711964,0.0007938628067734853,0.0007936508465047368,0.000793860613475311,0.0007937778185864776
0.0007692308292471123,0.0007694186656639128,0.0007695720757505772,0.9930757290194691,0.0007693430421595258,0.0007693733530767363,0.0007693905953672314,0.0007692307947410408,0.0007693868841498531,0.0007693247403750337
0.0008333765107402155,0.0008335632291086305,0.036724754281587974,0.9431560440790158,0.0008335384050561399,0.0008334954184695788,0.0008335215837102553,0.0008333333908386762,0.0008335419041717814,0.014284831197301045
0.0007246393186474172,0.0007247977763014941,0.04921850275327097,0.9449835960111737,0.0007247384289627126,0.0007247705518143154,0.000724793386238255,0.0007246377121487092,0.0007247826998732621,0.0007247413615690494
0.0008264789730920992,0.0008266628576625854,0.0008266182118013113,0.9925605543908735,0.0008265580347732952,0.0008267059099985093,0.0008266982082954896,0.0008264463280555193,0.0008267334241930624,0.0008265436612545877
0.0007575810352689189,0.000757772888504436,0.0007577391349838053,0.9931805099409104,0.0007576888186161348,0.0007577835782932107,0.0007578331302130594,0.0007575757917546455,0.0007578582744034328,0.0007576574070519149
0.000735294145600739,0.0007354812994987666,0.0007355214915630088,0.9933812499714365,0.0007353983726186231,0.0007354349830382469,0.0007354711643349962,0.0007352941505023222,0.0007354870291957872,0.0007353673922109565
0.0007299446668763711,0.0007301047719197091,0.0007301279811229099,0.993429400196727,0.0007300527012096586,0.0007302089199750921,0.0007301072243585769,0.0007299270359278185,0.000730136330088175,0.0007299901717946838
0.0007575758119731974,0.0007578092764857155,0.0007577382423564334,0.877807772215043,0.0007577114460510092,0.000757820487022333,0.0007577587628229223,0.000757575822316311,0.11613057310731228,0.0007576648286168204
0.000781252156925052,0.09859931213299672,0.0007814761412031985,0.6276557354037222,0.000781549461443181,0.0007814254274887603,0.0007814506133848644,0.0007812500565064805,0.2682751068081999,0.0007814417981294603
0.0006896574265942305,0.0006897705237531052,0.0006897645643016087,0.0006897449696368108,0.0006897572353298293,0.0006897762348920078,0.0006897606874090819,0.0006896551755260686,0.0006897638496843732,0.9937923493328729
0.0007462703486449322,0.0007464421098294431,0.0007464906860808529,0.9932823364363976,0.0007464099350503903,0.000746414363440066,0.0007465176459494363,0.0007462686779767632,0.0007464965445084355,0.0007463532521219193
0.0007752042923424277,0.000775438645386308,0.1297472374242627,0.8640501601313442,0.0007753230051007856,0.0007754071714475701,0.0007753809941173393,0.0007751938424982963,0.000775375321655387,0.0007752791718449621
0.0007194411497860278,0.0007195916063980698,0.00071960305870741,0.9567898864486151,0.0007195257459169433,0.0007196590555966255,0.0007196395722343399,0.0007194244878756554,0.03745370332452105,0.0007195255503487007
0.0007633667662128367,0.0007636690721848425,0.000763516635908184,0.9931286265868695,0.0007634319399311544,0.0007635061737686986,0.0007635566142578403,0.0007633588070368891,0.0007635452342085311,0.0007634221696215309
0.0007299744710137087,0.21615983467999078,0.0007300604462808303,0.7779995904124412,0.000730116273208285,0.0007301007519272313,0.0007300939388573764,0.0007299270528435813,0.0007301068743364033,0.0007301950991005658
0.0007353571106812897,0.0007354806220756267,0.08393380189420968,0.9101829424811381,0.0007354002164227935,0.0007354249624521313,0.0007354571151788733,0.000735294147685526,0.0007354591189195756,0.0007353823312366076
0.0007936508471483865,0.0007938686478140279,0.04462835617312989,0.9490212900762561,0.0007937725898739237,0.0007938825739644557,0.0007938830338091441,0.0007936508573211406,0.00079387476672352,0.000793770433959381
0.0007936852009360038,0.26896574141246365,0.0007938401322630407,0.5730557078553605,0.0007938831668195396,0.0007938609810865669,0.1524219161603378,0.0007936508505018359,0.0007938307106009369,0.0007938835296300161
0.0007463157346131287,0.2604577877179942,0.0007464779236405217,0.7335712260325128,0.0007463426799644114,0.0007464441813345834,0.0007464008838809123,0.0007462687006659826,0.0007463994668673441,0.0007463366785261376
0.0007874761880439112,0.0007876530764614025,0.10904228483394532,0.575794303246374,0.0007875789971361266,0.3096502395004505,0.0007876330727536637,0.0007874016423708772,0.0007876504211684044,0.0007877790212958765
0.0008474767074326658,0.22538360007449884,0.0008476393544547899,0.7249447807610727,0.0008476583827206766,0.0008477167088762513,0.0008477023784526729,0.0008474576980494193,0.00084763532579185,0.043738332608650274
0.0007633589890199416,0.0007635515107797509,0.22796123227347287,0.7659309275211441,0.0007635198927361499,0.0007635235276262213,0.000763535811158042,0.000763358860790243,0.0007635575951267952,0.0007634340181459953
0.0007812951823595582,0.19834764609606254,0.0007814712366850369,0.7954010456744984,0.0007814223321948949,0.0007815158387326834,0.0007815241648545741,0.0007812500600173679,0.0007815041512382603,0.0007813252633568397
0.0007633589448868654,0.03978898082924746,0.0007635161352060906,0.9113462442596179,0.0007634325553108764,0.0007636841827259746,0.000763600293345944,0.0007633589760759062,0.043520409677378996,0.000763414146203892
0.0007042267291754834,0.0007043644237386802,0.0007044011463586922,0.9936608577016699,0.0007045191782777894,0.0007043705058025563,0.0007043845221781203,0.0007042253820367385,0.0007043673591092941,0.0007042830516530126
0.0007518894842690475,0.2311599093329198,0.0007520561520280481,0.7528916752962391,0.0007522447134331308,0.0007520424943306856,0.0007521427939614448,0.0007518798064364997,0.0007520482246207089,0.010684111701761657
0.0007195034803848912,0.24073462468193021,0.0007195590843359886,0.7535089498532577,0.000719602624087031,0.0007196675269615208,0.0007196014296791826,0.0007194245458200131,0.0007195731287372764,0.0007194936448060673
0.0007246465907193438,0.21955709950957739,0.0007248782346407635,0.7746449032955297,0.0007247852875942705,0.0007247729446063331,0.0007247937021773588,0.000724637748976336,0.0007247791440139881,0.000724703542164381
0.0006993022122237885,0.056541601569497564,0.0006994581655115742,0.9378630411071556,0.0006993750371429191,0.0006994463456553505,0.0006996403377403129,0.0006993008001502167,0.000699434793965114,0.0006993996309576099
0.0007635548004857408,0.0007635268637634932,0.0007635693278524885,0.9931282342164423,0.0007636508797630121,0.0007635063755747751,0.00076355219395511,0.0007633588117257411,0.0007635958451368443,0.0007634506853008594
0.0008130081688087444,0.000813232401529188,0.0008133965027501634,0.9926809877445921,0.0008131503933709401,0.0008132183242950938,0.000813421518504744,0.0008130081752735635,0.0008132754481288991,0.0008133013227466293
0.0007575798780078248,0.41134216538575813,0.0007577839538440849,0.58259613765689,0.0007577613401150086,0.0007577635768234797,0.0007577674733721009,0.0007575758240940388,0.0007578145905408338,0.0007576503205545795
0.0007463058864816879,0.024993674099654323,0.0007465334464059546,0.9690350524278104,0.0007463755814212322,0.000746436206469387,0.0007464996447746048,0.000746268705116601,0.0007465197108908275,0.0007463342909747605
0.009521208746114724,0.13579453097188415,0.0007248193554411572,0.8496107575570544,0.0007248260457287835,0.0007248332166637256,0.0007248551796093547,0.0007246377741080769,0.0007248310119866941,0.0007247001414090497
0.0008403732856613735,0.040347843761250946,0.0008405405487608045,0.9529283425299199,0.0008404989429613468,0.0008405403239077694,0.0008405299736745958,0.0008403361942158862,0.000840577808454348,0.00084041663119299
0.0007692309221524913,0.0007694778889316625,0.052791482555655966,0.733267074444965,0.2085557508898682,0.0007694406329515397,0.0007694407914266464,0.000769230830607341,0.000769475047672728,0.0007693959957683912
0.000763402914520052,0.2504001381154297,0.0007635588380451773,0.7257957069644971,0.0007635206801510904,0.0007635463100828243,0.0007635423817822101,0.0007633588891188946,0.01845979495726059,0.0007634299491123334
0.0008333351722957773,0.2625862851566352,0.000833514928852512,0.7307459166822831,0.0008335140042846443,0.0008335699968286705,0.0008335212999267976,0.0008333334331454352,0.0008335727064952941,0.0008334366192526934
0.000729946389124629,0.3592839402740785,0.0007301911757497895,0.634875416529807,0.000730063931077606,0.0007300883734900223,0.0007301842747111,0.0007299270770981337,0.0007302497050177407,0.0007299922698454759
0.0008000266486318571,0.12257869873537754,0.0008002022546591711,0.8710202381872105,0.000800101862632066,0.0008001962008799678,0.0008002221573284198,0.0008000000561012747,0.0008002185243116739,0.0008000953728676031
0.0007936612339398669,0.35678672421668234,0.0007938344308148486,0.4537731949708052,0.000793863219864905,0.0007938883257771398,0.1838834729454223,0.0007936508594897606,0.000793847370387682,0.0007938624268159066
0.0008130115811859399,0.1773548137398718,0.0008131594471165754,0.6885099154505282,0.0008131704733485284,0.1284433125679466,0.0008132166142702121,0.0008130081791730748,0.0008132019878614613,0.0008131899586975044
0.0007520269533670477,0.5835360312026975,0.0007521046906204855,0.21301932122112102,0.000751985585095861,0.0007520759124242128,0.19818051684092883,0.0007518797667632186,0.0007521004944224886,0.0007519573325593204
0.0007407408199649689,0.0007409323337124163,0.0007409138948267042,0.9933322085114897,0.0007408736344281101,0.0007409429378988758,0.0007409382554894429,0.0007407407935367171,0.0007408988566399562,0.0007408099620129977
0.0007299343571960986,0.0007301079813259766,0.0007300454146029081,0.9934297662448087,0.0007300379301192455,0.0007300788084301636,0.0007300630785203938,0.0007299270533203617,0.0007300559031610042,0.0007299832285149573
0.03669608265271348,0.0007876070568199196,0.0007875890904101744,0.8286930764550753,0.0007875326234493112,0.12909806873178453,0.0007875705777739179,0.0007874016117783788,0.0007875827465872919,0.000787488453607764
0.0007575809529902982,0.0007577544196763422,0.0007577490379746165,0.993180793029681,0.0007576909992579238,0.0007576919030207421,0.0007577534302168472,0.0007575757914628652,0.0007577537592745316,0.0007576566764446828
0.0007246896206551479,0.1975274246884568,0.0007248493867314865,0.7357236642354053,0.0007247797356247844,0.000724828614935923,0.06167558510987403,0.0007246377320876067,0.0007248075138650835,0.0007247333623640098
0.0007576001041803741,0.02172129597770462,0.0007577156776874182,0.7657202927668025,0.0007576853212707728,0.20725462538511683,0.0007577532751580798,0.0007575758446790212,0.0007577579287594567,0.0007576977186408738
0.0007246377425010815,0.0007249673204867495,0.0007248017343073927,0.9934769300029712,0.0007247428850366252,0.0007248554265491317,0.000724822495834726,0.0007246377144861171,0.0007248290394373277,0.0007247756383896038
0.0007936508833050349,0.000793867692193909,0.0007938490118378402,0.9285571906852796,0.0007938359423963346,0.0007938315572799987,0.06509256554776759,0.000793650849349543,0.0007938315301146906,0.0007937263004755462
0.0007092229555671241,0.0007093714639862432,0.0007093818482049709,0.9102062199140458,0.020611252262372197,0.0007093356576046807,0.0007093903040564132,0.0007092198986259518,0.06421730147010032,0.0007093042254362006
0.0007462686994317532,0.0007464548159698018,0.0007464679884136843,0.9932823305822494,0.0007464949345207723,0.0007464861027533232,0.000746449377655871,0.0007462687067968013,0.0007464448172493013,0.0007463339749593982
0.0007299285989864204,0.0007301188913486858,0.0007300735543483265,0.9934297743704756,0.000730020325017376,0.0007300397593944646,0.0007300484891951955,0.0007299270366313783,0.0007300712041056065,0.0007299977704966309
0.0007812946407891653,0.2013831032573375,0.0007814842252836854,0.7923653179866663,0.0007814065716885469,0.000781519334144953,0.0007814684795471229,0.0007812500646924936,0.0007814581428891056,0.0007816972969611127
0.0007194611521134791,0.993524139006354,0.0007195360585857785,0.0007197570057562808,0.0007194971771905227,0.0007195806700657521,0.0007195486928402199,0.0007194245025502928,0.0007195451399294422,0.0007195105946140102
0.0007407607090627395,0.10306377461315895,0.042198993888262655,0.6368918432470159,0.0007409331671199411,0.0007410312702198768,0.21340012478391107,0.0007407408019257363,0.000740953115247946,0.0007408444040752282
0.0007463021650279269,0.39463540944075187,0.0007464552652301507,0.5993934428650817,0.0007463883585199127,0.0007464099564107325,0.000746470251758954,0.0007462687112129594,0.0007464928205470775,0.0007463601654586257
